     game_id  allowed_assists_for_game  allowed_deaths_for_game  \
0          1                        57                       20   
1          2                        88                       28   
2          3                        60                       22   
3          4                        90                       30   
4          5                        52                       27   
5          6                        76                       23   
6          7                        82                       35   
7          8                        82                       30   
8          9                        47                       21   
9         10                        91                       31   
10        11                        87                       33   
11        12                        77                       33   
12        13                        28                        9   
13        14                        30                       11   
14        15                        97                       39   
15        16                        97                       41   
16        17                        52                       18   
17        18                        85                       29   
18        19                        46                       20   
19        20                        54                       34   
20        21                        42                       21   
21        22                        42                       20   
22        23                        99                       43   
23        24                        97                       47   
24        25                        61                       31   
25        26                        35                       16   
26        27                        39                       15   
27        28                        58                       29   
28        29                        54                       27   
29        30                        74                       25   
..       ...                       ...                      ...   
143      144                        62                       20   
144      145                        35                       14   
145      146                        40                       13   
146      147                       127                       42   
147      148                        29                       13   
148      149                        58                       29   
149      150                        14                        7   
150      151                        74                       28   
151      152                        53                       23   
152      153                        55                       26   
153      154                        41                       15   
154      155                        48                       21   
155      156                        49                       21   
156      157                        70                       29   
157      158                        55                       21   
158      159                        90                       33   
159      160                        89                       30   
160      161                        63                       26   
161      162                        47                       17   
162      163                        62                       24   
163      164                        31                       13   
164      165                        85                       35   
165      166                        55                       24   
166      167                        51                       28   
167      168                        80                       27   
168      169                        48                       19   
169      170                        35                       23   
170      171                        64                       30   
171      172                       116                       53   
172      173                        57                       27   

     allowed_kills_for_game  allowed_minions_killed_for_game  \
0                        20                             2486   
1                        28                             1672   
2                        22                             2046   
3                        30                             1501   
4                        27                             1553   
5                        23                             2529   
6                        35                             1182   
7                        29                             2716   
8                        21                             1354   
9                        31                             2014   
10                       33                             1968   
11                       33                             1829   
12                        9                             1922   
13                       11                             1353   
14                       39                             1949   
15                       41                             2246   
16                       18                             2362   
17                       29                             2331   
18                       20                             2039   
19                       34                             1201   
20                       21                             1569   
21                       20                             1563   
22                       43                             2510   
23                       47                             2816   
24                       31                             1846   
25                       16                             1871   
26                       15                             1032   
27                       29                             1473   
28                       27                             2034   
29                       25                             2126   
..                      ...                              ...   
143                      20                             3536   
144                      14                             2095   
145                      13                             2134   
146                      42                             3264   
147                      13                             2332   
148                      29                             1561   
149                       7                             2485   
150                      28                             1690   
151                      23                             1841   
152                      26                             1578   
153                      15                             2058   
154                      21                             1246   
155                      21                             2462   
156                      29                             2637   
157                      21                             1753   
158                      33                             2483   
159                      30                             2603   
160                      26                             1921   
161                      17                             2196   
162                      24                             1347   
163                      13                             1721   
164                      35                             2003   
165                      24                             1864   
166                      28                             1037   
167                      27                             2144   
168                      19                             1927   
169                      23                             1135   
170                      30                             2015   
171                      53                             2541   
172                      27                             1904   

     assists_for_game  barons_for_game  deaths_for_game  dragons_for_game  \
0                  57                1               20                 5   
1                  88                1               28                 4   
2                  60                2               22                 4   
3                  90                0               30                 3   
4                  52                1               27                 2   
5                  76                1               23                 5   
6                  82                1               35                 2   
7                  82                2               30                 7   
8                  47                1               21                 3   
9                  91                2               31                 4   
10                 87                2               33                 4   
11                 77                1               33                 4   
12                 28                1                9                 3   
13                 30                1               11                 2   
14                 97                2               39                 3   
15                 97                1               41                 6   
16                 52                2               18                 5   
17                 85                2               29                 5   
18                 46                1               20                 4   
19                 54                0               34                 2   
20                 42                1               21                 2   
21                 42                1               20                 3   
22                 99                2               43                 6   
23                 97                2               47                 5   
24                 61                1               31                 4   
25                 35                1               16                 4   
26                 39                0               15                 2   
27                 58                1               29                 3   
28                 54                2               27                 4   
29                 74                2               25                 5   
..                ...              ...              ...               ...   
143                62                4               20                 8   
144                35                1               14                 4   
145                40                1               13                 5   
146               127                3               42                 8   
147                29                1               13                 4   
148                58                1               29                 1   
149                14                1                7                 4   
150                74                1               28                 3   
151                53                1               23                 3   
152                55                0               26                 3   
153                41                0               15                 4   
154                48                1               21                 3   
155                49                2               21                 5   
156                70                2               29                 5   
157                55                1               21                 3   
158                90                3               33                 6   
159                89                1               30                 5   
160                63                1               26                 3   
161                47                1               17                 4   
162                62                1               24                 2   
163                31                1               13                 3   
164                85                2               35                 4   
165                55                1               24                 3   
166                51                0               28                 2   
167                80                2               27                 3   
168                48                1               19                 3   
169                35                0               23                 1   
170                64                0               30                 3   
171               116                2               53                 4   
172                57                1               27                 2   

     game_length_minutes_for_game            ...              \
0                           83.10            ...               
1                           62.08            ...               
2                           76.10            ...               
3                           60.82            ...               
4                           58.40            ...               
5                           89.04            ...               
6                           46.98            ...               
7                          104.16            ...               
8                           48.92            ...               
9                           74.10            ...               
10                          74.28            ...               
11                          66.72            ...               
12                          60.68            ...               
13                          47.16            ...               
14                          74.40            ...               
15                          81.06            ...               
16                          84.04            ...               
17                          80.80            ...               
18                          68.84            ...               
19                          44.06            ...               
20                          56.32            ...               
21                          50.50            ...               
22                          92.92            ...               
23                          98.52            ...               
24                          66.18            ...               
25                          62.24            ...               
26                          40.42            ...               
27                          56.06            ...               
28                          72.34            ...               
29                          70.18            ...               
..                            ...            ...               
143                        122.80            ...               
144                         69.12            ...               
145                         70.98            ...               
146                        112.08            ...               
147                         66.90            ...               
148                         54.36            ...               
149                         74.30            ...               
150                         62.02            ...               
151                         62.86            ...               
152                         58.52            ...               
153                         64.92            ...               
154                         48.92            ...               
155                         80.40            ...               
156                         88.16            ...               
157                         60.02            ...               
158                         88.16            ...               
159                         88.08            ...               
160                         65.00            ...               
161                         70.18            ...               
162                         47.02            ...               
163                         56.98            ...               
164                         66.40            ...               
165                         61.14            ...               
166                         42.86            ...               
167                         73.04            ...               
168                         66.46            ...               
169                         42.50            ...               
170                         64.00            ...               
171                         86.86            ...               
172                         67.02            ...               

     minions_killed_for_game  team_id_for_game  turrets_for_game  \
0                       2486                 3                15   
1                       1672                 7                12   
2                       2046                 6                16   
3                       1501                 4                14   
4                       1553                 5                12   
5                       2529                 5                16   
6                       1182                 5                11   
7                       2716                 5                16   
8                       1354                 7                11   
9                       2014                 3                12   
10                      1968                 6                14   
11                      1829                 4                12   
12                      1922                11                 7   
13                      1353                15                 9   
14                      1949                13                12   
15                      2246                13                13   
16                      2362                14                14   
17                      2331                12                16   
18                      2039                14                12   
19                      1201                12                14   
20                      1569                15                10   
21                      1563                11                10   
22                      2510                13                18   
23                      2816                13                18   
24                      1846                15                13   
25                      1871                19                13   
26                      1032                23                 8   
27                      1473                21                 9   
28                      2034                21                14   
29                      2126                20                12   
..                       ...               ...               ...   
143                     3536                66                16   
144                     2095                73                14   
145                     2134                73                11   
146                     3264                73                12   
147                     2332                71                12   
148                     1561                71                11   
149                     2485                10                13   
150                     1690                10                13   
151                     1841                79                 9   
152                     1578                79                11   
153                     2058                80                11   
154                     1246                80                12   
155                     2462                50                15   
156                     2637                50                14   
157                     1753                84                12   
158                     2483                84                16   
159                     2603                86                13   
160                     1921                86                 9   
161                     2196                83                10   
162                     1347                83                11   
163                     1721                47                11   
164                     2003                47                15   
165                     1864                83                13   
166                     1037                83                 8   
167                     2144                46                14   
168                     1927                46                11   
169                     1135                84                11   
170                     2015                84                11   
171                     2541                45                16   
172                     1904                45                13   

     won_for_game  clean_kills_for_game  allowed_clean_kills_for_game  \
0            True                    20                            20   
1            True                    28                            28   
2            True                    22                            22   
3            True                    30                            30   
4            True                    27                            27   
5            True                    23                            23   
6            True                    35                            35   
7            True                    29                            29   
8            True                    21                            21   
9            True                    31                            31   
10           True                    33                            33   
11           True                    33                            33   
12           True                     9                             9   
13           True                    11                            11   
14           True                    39                            39   
15           True                    41                            41   
16           True                    18                            18   
17           True                    29                            29   
18           True                    20                            20   
19           True                    34                            34   
20           True                    21                            21   
21           True                    20                            20   
22           True                    43                            43   
23           True                    47                            47   
24           True                    31                            31   
25           True                    16                            16   
26           True                    15                            15   
27           True                    29                            29   
28           True                    27                            27   
29           True                    25                            25   
..            ...                   ...                           ...   
143          True                    20                            20   
144          True                    14                            14   
145          True                    13                            13   
146          True                    42                            42   
147          True                    13                            13   
148          True                    29                            29   
149          True                     7                             7   
150          True                    28                            28   
151          True                    23                            23   
152          True                    26                            26   
153          True                    15                            15   
154          True                    21                            21   
155          True                    21                            21   
156          True                    29                            29   
157          True                    21                            21   
158          True                    33                            33   
159          True                    30                            30   
160          True                    26                            26   
161          True                    17                            17   
162          True                    24                            24   
163          True                    13                            13   
164          True                    35                            35   
165          True                    24                            24   
166          True                    28                            28   
167          True                    27                            27   
168          True                    19                            19   
169          True                    23                            23   
170          True                    30                            30   
171          True                    53                            53   
172          True                    27                            27   

    k_a_for_game  a_over_k_for_game  allowed_k_a_for_game  \
0             77           5.700000                    77   
1            116           6.800000                   116   
2             82           5.295238                    82   
3            120           6.099379                   120   
4             79           3.706522                    79   
5             99           6.607692                    99   
6            117           4.884259                   117   
7            111           5.633333                   111   
8             68           5.275000                    68   
9            122           5.712121                   122   
10           120           5.291667                   120   
11           110           4.523810                   110   
12            37           6.125000                    37   
13            41           3.722222                    41   
14           136           4.959239                   136   
15           138           4.727941                   138   
16            70           5.723077                    70   
17           114           5.846154                   114   
18            66           4.904762                    66   
19            88           3.115385                    88   
20            63           3.808824                    63   
21            62           4.800000                    62   
22           142           4.411330                   142   
23           144           4.123188                   144   
24            92           3.763158                    92   
25            51           4.381818                    51   
26            54           5.571429                    54   
27            87           4.097403                    87   
28            81           3.536364                    81   
29            99           6.061404                    99   
..           ...                ...                   ...   
143           82           5.952381                    82   
144           49           5.300000                    49   
145           53           5.681818                    53   
146          169           6.068182                   169   
147           42           4.250000                    42   
148           87           4.154762                    87   
149           21           4.000000                    21   
150          102           5.283422                   102   
151           76           4.333333                    76   
152           81           3.550725                    81   
153           56           5.800000                    56   
154           69           3.868421                    69   
155           70           4.538462                    70   
156           99           4.833333                    99   
157           76           5.336538                    76   
158          123           5.477778                   123   
159          119           5.795455                   119   
160           89           5.347826                    89   
161           64           5.519231                    64   
162           86           3.809524                    86   
163           44           3.500000                    44   
164          120           5.080000                   120   
165           79           4.495798                    79   
166           79           3.761905                    79   
167          107           6.022727                   107   
168           67           4.679487                    67   
169           58           3.476190                    58   
170           94           4.100000                    94   
171          169           4.400000                   169   
172           84           4.197802                    84   

     allowed_a_over_k_for_game  
0                     5.700000  
1                     6.800000  
2                     5.295238  
3                     6.099379  
4                     3.706522  
5                     6.607692  
6                     4.884259  
7                     5.633333  
8                     5.275000  
9                     5.712121  
10                    5.291667  
11                    4.523810  
12                    6.125000  
13                    3.722222  
14                    4.959239  
15                    4.727941  
16                    5.723077  
17                    5.846154  
18                    4.904762  
19                    3.115385  
20                    3.808824  
21                    4.800000  
22                    4.411330  
23                    4.123188  
24                    3.763158  
25                    4.381818  
26                    5.571429  
27                    4.097403  
28                    3.536364  
29                    6.061404  
..                         ...  
143                   5.952381  
144                   5.300000  
145                   5.681818  
146                   6.068182  
147                   4.250000  
148                   4.154762  
149                   4.000000  
150                   5.283422  
151                   4.333333  
152                   3.550725  
153                   5.800000  
154                   3.868421  
155                   4.538462  
156                   4.833333  
157                   5.336538  
158                   5.477778  
159                   5.795455  
160                   5.347826  
161                   5.519231  
162                   3.809524  
163                   3.500000  
164                   5.080000  
165                   4.495798  
166                   3.761905  
167                   6.022727  
168                   4.679487  
169                   3.476190  
170                   4.100000  
171                   4.400000  
172                   4.197802  

[173 rows x 23 columns]